2	640634584	1	
3	586951571	1	
4	1043343571	1	1
5	952210011		1
6	1146809968	1	1
7	7081517635		1
8	6609086647	1	
9	745409469		
10	7296959935		
13	5652647817		
16	1111012690		
17	7268340913		
18	6000127218		
21	5528259372		
23	1964059133	1	
24	900435125		
28	6520695496		
31	6297007580		
32	7697253625		
33	5132389396		
36	5510249453		
40	7130220958		
41	5861300074		
42	6443491820	1	
43	1387959399		
45	7356596217		
46	5824797839		
48	5995011649		
50	6053187547		
51	1789183383		
55	5969544163		
64	5206270516		
65	6035979955		
66	1084966807		
68	6162414673		
70	7268561938		
73	6557366568		
78	6450786483		
82	7623094698		
87	6709344727		
91	7535183890		
92	7095795095		
93	7748419127		
94	5786424890		
95	6350236397		
96	2141512601		
99	6863016014	1	
101	5005629559		
103	1131510909		
107	6344414029		
108	6308728547	1	
109	996710949	1	
110	5384288054	1	
111	7079638044	1	
114	981008022	1	
115	6398668024	1	
120	981986054		
121	950395617	1	
123	6309223713	1	
124	6512491939	1	
125	6722119319	1	
126	803572796	1	
127	7765795935	1	
128	5073682768	1	
130	5220909605	1	
131	7229741285	1	
132	5109150114		
134	5115604340	1	
136	5745496215	1	
139	6773065157	1	
140	5265671200	1	
141	5440937785	1	
142	6775003707	1	
145	7258476320	1	
146	5636873100	1	
147	6686729874	1	
148	6092784671	1	
149	7382055282	1	
151	7536094438	1	
152	7085879672	1	
153	6678459347	1	
154	6325746314	1	
155	1541668164	1	
157	5731817196	1	
159	7552848477	1	
160	8094650366	1	
161	5932542479	1	
162	5932542479		
163	259545664	1	
165	6883916325	1	
166	6523871012	1	
167	6590432983	1	
169	6744150962	1	
170	7594163473		
171	5148694565	1	
173	1910912628		
174	5196882960	1	
175	6488470658	1	
176	5826499361	1	
177	5147913324	1	
178	6241899049	1	
179	5455466730		
180	5577983798	1	
182	6491635503	1	
183	1706475060		
184	6931257485	1	
185	1896027798	1	
186	6475666845	1	
187	7450783210		
188	7825240226	1	
189	6629610141		
190	5784391774		
191	5034110844	1	
192	6842648354	1	
193	1943594427	1	
194	1647409909	1	
195	5330293450	1	
196	5176680320		
197	5024375492	1	
198	1963288104	1	
199	6972754243	1	
200	7032099928	1	
201	5432313432	1	
202	5783540585	1	
203	1722248136	1	
204	5069223577	1	
205	1676869780	1	
206	7450186541	1	
207	5427152668		
208	5253774588	1	
209	7735481169	1	
211	6337111724	1	
213	6133372777	1	
214	7325991769	1	
216	6586982520	1	
217	1869057307	1	
218	6341244833	1	
219	6908916459		
220	6550393392	1	
221	1206294765	1	
223	5930053137	1	
224	6548974563	1	
225	7255427551	1	
227	6263219163	1	
228	6171271314	1	
229	6482194617	1	
230	5817803627		
232	496737736	1	
233	5113078046		
234	5838411377	1	
235	6478490195		
236	6572955429	1	
238	2093994428	1	
240	1853472625		
241	7232457286	1	
242	6729718753		
243	6289284978		
244	1303556058	1	
245	983214298	1	
246	1487652455	1	
247	5269159477	1	
248	1914403135	1	
249	941560827	1	
250	7695859872	1	
251	1156665851		
252	5889568008	1	
253	7163854828	1	
254	6768607262	1	
255	7032212383	1	
256	1121645752	1	
257	5740559464	1	
259	6659101526	1	
260	7197330460	1	
261	5120015638	1	
263	6070814882		
264	5348778718		
265	1919510724	1	
266	7044511914	1	
268	5271606187		
269	5548246117	1	
270	5949091715		
271	1384883426	1	
272	6816230453		
274	734349143		
275	1404876977		
277	6877874706	1	
279	6585639955	1	
280	5683899485	1	
281	7281356002	1	
283	6267478475	1	
284	5737380147		
285	7100547140		
287	6578113756	1	
289	1534973663	1	
290	6275493629	1	
292	6711126727	1	
295	1552274661	1	
296	5143685903	1	
297	403115090	1	
298	7445915055	1	
300	6957169006	1	
301	6472806823	1	
302	5519645863	1	
303	7690608672	1	
305	2096259863	1	
307	1481293977	1	
308	1374130190	1	
309	7282328921	1	
311	1788450766	1	
312	1817058212		
313	5206317889		
314	5724167523	1	
315	5090483645		
316	6285528962	1	
317	6771762333		
318	5476716181		
320	7107841139	1	
322	954234040	1	
323	6679355299	1	
325	5929023977	1	
326	1848198124		
327	7142995284	1	
328	6730439021		
329	5628928871	1	
330	7041007217	1	
331	5883380093	1	
333	7085930230	1	
334	1605442463	1	
335	6812358492	1	
337	5228889541	1	
338	5665858332	1	
339	7414778973	1	
340	6213339382		
341	6453380826	1	
342	7429610062	1	
343	5596204837		
344	1103811471		
345	5767741950		
346	6538466221	1	
347	5691649516	1	
348	7033891047	1	
349	6911944992	1	
350	7548624887		
351	6403142193	1	
352	5072918698	1	
353	6499463136		
354	7997945857		
356	7168520581		
357	5337543750		
358	821821098	1	
359	5648834118	1	
361	6616905497	1	
362	7684210358		
364	1228201773	1	
365	7415203813	1	
366	6723822471		
368	5769753078	1	
370	5804684294		
371	1678361290		
373	5865102280	1	
374	5850198517		
375	5214168133		
376	6277985402		
377	6537108913	1	
378	1707063299	1	
379	5236648434	1	
380	1178461173	1	
381	6266827968	1	
382	5129080242	1	
383	6479064377	1	
384	7408724049	1	
385	7239320144	1	
386	5581235946		
387	6196433791	1	
388	6576636612	1	
389	6543655934		
390	1689489802	1	
391	7619781445		
392	7026566657	1	
394	7093811224	1	
395	6572010543	1	
396	7215647669	1	
397	7781391639		
399	6813261047		
400	7098840996		
401	5854962607	1	
402	5670367620	1	
403	7108301225	1	
404	6875747167		
405	7419371256	1	
407	6500840667	1	
409	5163882271		
410	8005354852		
412	7494162200	1	
413	6120714254	1	
414	7094128542	1	
415	7003959609	1	
416	7862771208	1	
417	7248541017	1	
418	7093269974	1	
419	7457419378		
420	7406013768		
421	6523812836		
422	7259544699		
423	5825174940	1	
424	6247976127	1	
425	5931903256		
426	5922514865	1	
427	7009074964	1	
428	5415158084		
429	5411932417		
430	5507296864		
432	6139582510		
434	5235992590	1	
435	6858327809		
436	5668357954		
437	6315329998	1	
438	5283480559	1	
439	6917477770	1	
440	7272765537	1	
442	1304506422	1	
444	7046745210	1	
446	5750256939	1	
447	7356694277	1	
448	6075967314	1	
451	5491508358	1	
452	5913362452		
454	6704984475	1	
456	6714193261	1	
457	6101537555		
458	6789909463		
459	6924929081		
460	6099659081	1	
461	7101880516		
464	5949568296	1	
465	6978293758		
467	5854822007	1	
470	6262628721	1	
471	5468055691		
472	5276080489		
473	5477468128	1	
474	5095779283		
476	2061779649	1	
477	7253141315	1	
478	6550244075	1	
479	7305025155	1	
481	7461160174	1	
482	6058949709		
483	873793075		
484	5166685371		
485	5832280474		
487	5823362582		
488	6015767256	1	
489	1787400791	1	
490	7010719888	1	
491	6217741930	1	
492	5463461719	1	
493	6715809762	1	
494	7040592576	1	
495	5655081891	1	
497	8176486723	1	
499	6724789528		
500	5418468012	1	
501	757221154	1	
503	6460137098	1	
504	5768621734	1	
505	5777350205	1	
506	5489981823	1	
507	7313731753	1	
508	5150106093	1	
510	5393451342	1	
512	6832247214	1	
514	5176204814	1	
515	5686455229	1	
516	6352522330	1	
517	1052782403		
518	5649579806		
519	7224634577		
520	5672287957	1	
521	5330208206		
522	8198201720	1	
523	6925291034	1	
524	6780794459		
525	1787925636		
526	6939643345		
527	6588398236		
528	7046200157		
529	5777699014	1	
530	7402703604	1	
531	5636163032		
532	7030215989		
533	7329119214	1	
534	6988230874		
535	6638618938		
536	6338319407	1	
537	6800016315	1	
539	7272399888		
540	6664980230		
542	6091715482		
543	7145142795	1	
544	5005238069		
545	6763640908		
546	1772861582	1	
547	5132632678		
548	7274124663	1	
549	5787205211		
551	5280681260	1	
552	7700500588	1	
553	5973469764		
554	1408729797	1	
555	5605282770	1	
556	6969686289	1	
557	6513207549	1	
559	1038452162	1	
560	1112896061	1	
561	1518489384	1	
562	7497522981	1	
563	7031637805		
564	6989683360	1	
565	7404298335	1	
566	6922331192		
567	6101981986		
568	7345249908		
569	1977866679	1	
570	6446943204		
571	5657531584		
573	5135586890		
575	6280274268	1	
576	5977482024	1	
577	6926669891	1	
578	7527481726		
579	5178667479		
580	1786325284	1	
581	2035959356	1	
582	7313238779	1	
583	6114916409	1	
584	7715987922		
585	6974134713		
587	6975123343	1	
588	5614596745	1	
589	6502583640	1	
590	2073423043	1	
591	1499613728		
592	6955990056	1	
593	6766422270		
594	7823092730	1	
595	1464495269	1	
596	5658565521	1	
597	6718152401	1	
599	6875765475		
600	6678756001	1	
602	5802122958	1	
604	7073641415	1	
605	6146783087	1	
606	1941761417	1	
607	5825782113	1	
608	6497009555		
609	5548028972		
611	5965966331		
612	6127237571	1	
613	6921730118		
615	7474005225		
616	6082351510	1	
617	7204418803	1	
619	7302522425	1	
620	6169070260		
621	7766444082	1	
623	7314583536	1	
624	7226109824		
625	1533278445		
626	7835374818	1	
627	7204860741		
628	7094555722		
629	6731643723		
630	7129432920	1	
632	5549605029	1	
636	6734248547		
637	6797389514	1	
638	7572141156		
639	5232717216	1	
640	7219546938		
641	1268265449	1	
642	5041030464		
644	5472341540	1	
646	6470627228		
647	6491611342		
648	1837268777	1	
649	6098752594	1	
651	6740708585	1	
652	7197691501		
653	7354405275		
654	7169161434	1	
655	7080340594	1	
656	6331797063	1	
657	7426167899	1	
659	7546703012	1	
660	6548021032	1	
661	6698706183		
663	6133237772		
664	5930475456	1	
665	6076699013		
666	7392539846	1	
667	6540829111	1	
670	6885444720	1	
671	6395653735		
672	1365092203	1	
674	6426517497	1	
675	6761934465	1	
676	7990647099	1	
677	6606892539		
678	5037853493	1	
679	5103434204	1	
680	5171086004	1	
681	6548374168		
682	6045606716	1	
683	7867978178	1	
684	6244860115	1	
686	7971542296	1	
687	6249310733	1	
688	6897623143	1	
689	6050910841	1	
691	7482768007		
692	6757443055	1	
693	6305819499		
694	6709776420	1	
695	6657719948	1	
696	6694804826		
697	6083606877	1	
698	6218995426	1	
699	1383611635	1	
700	6325324912	1	
701	1512849940		
702	7188323749	1	
703	7266537006	1	
705	6497352673	1	
706	7454670957	1	
707	7203520556	1	
708	7446415089	1	
709	6241920773	1	
710	7187380969		
711	7874861068		
712	7230506424	1	
713	5685492047	1	
714	5156183769	1	
715	6408134574	1	
716	6657294377		
717	6646159660	1	
718	5177101074		
719	6770614391		
720	7759298364		
721	5577929780	1	
722	7556285705		
723	7925748728		
724	6572914847		
725	961434432	1	
727	6631505467		
728	6852065828	1	
731	5398195858	1	
732	6118272136	1	
735	5588124288	1	
736	5612149399		
739	5050438946	1	
740	7008386154		
744	5147372825	1	
747	6831249395	1	
748	6194974006		
749	7197271062	1	
750	6433902168	1	
751	800984115	1	
753	6677566891		
754	5703439107		
755	7291306577	1	
756	6765622466	1	
758	6573281036	1	
759	6449754193	1	
760	7639380117	1	
761	1641776554	1	
762	5429252529		
763	5727712927	1	
764	6930703763		
765	7184124686	1	
766	5443030338	1	
767	6876939185		
768	6197780851	1	
769	6737655785	1	
771	6181445830		
772	6431902341		
774	6389758638	1	
776	6965794634		
777	6743011028	1	
778	7047250354		
779	7228811372		
780	6728306514	1	
781	6679347379	1	
782	5668253326		
783	7541856437	1	
784	7471279389		
785	5417583939	1	
786	5232363400	1	
787	7905369252	1	
788	7024772388	1	
789	7134547393	1	
790	1498882914		
791	6172540635		
793	6577716832	1	
795	6357780264	1	
797	5754154479	1	
798	2123203040	1	
799	6078201991	1	
802	5009061884		
805	5656694124	1	
806	1041700180		
807	7151394874	1	
808	6162855540	1	
809	5376782927	1	
811	5358261868		
812	8012456035	1	
813	1683619376	1	
814	7338744642	1	
815	5976190152	1	
816	5660377884	1	
818	6575413908	1	
821	7415610627	1	
823	6353345795		
824	6680189177	1	
825	7202521612	1	
826	6139431113		
827	7751632532	1	
828	5227333576	1	
829	5787271098	1	
830	5620966550	1	
832	5625326359	1	
833	7023343092	1	
835	5015196406		
837	7084977538	1	
838	5377774527	1	
839	7803172768	1	
841	7332518699	1	
842	1744151567	1	
844	8029231183	1	
845	5390144863	1	
846	6582981581	1	
848	7380918878	1	
849	6423323942		
850	6359670465	1	
851	5196700724		
853	7335325507		
854	7819033298	1	
855	6921862886	1	
856	2025030696		
857	7857206205	1	
859	5256139046	1	
860	7839291413	1	
862	6452827826	1	
863	6508603401	1	
864	6844428496	1	
865	7698850951		
866	1116037014	1	
868	5705763396	1	
869	7167658351		
870	7159871986		
872	7039687671	1	
873	5789367366	1	
874	6573410019	1	
875	5285392816	1	
876	5873195005		
877	6899428971	1	
878	1449697948	1	
879	5611128953	1	
880	5117932771	1	
881	7120996642		
882	7518272059		
883	6873951517	1	
884	7840702056		
886	1124863524	1	
887	7188640238		
888	7082617018	1	
889	7024188588		
890	5164583478	1	
891	6852175097	1	
892	5941247478	1	
894	5823585987		
895	6362165123	1	
896	7438871302	1	
897	5087344952	1	
899	6500899553	1	
900	7509689983	1	
901	7459272275		
902	6724388398	1	
903	6126825828	1	
904	7104884614	1	
905	5644880203	1	
907	5910438734	1	
908	1120725321	1	
909	6186310042	1	
910	6339809306		
912	8016731270		
913	6278281257	1	
914	1111936180		
917	7313160699		
918	6466935649	1	
919	5935926387		
920	7434017269		
921	5740370932	1	
922	5646257306	1	
923	7198277268		
924	7448053311		
925	7136019891	1	
926	5810270602	1	
927	7098152148	1	
928	6356485155	1	
929	6729320434		
930	5991169801	1	
931	5989078172	1	
932	7844019896	1	
933	8153177903	1	
934	6588921202	1	
935	6864025812		
937	1450380398	1	
938	7138324403	1	
939	5520162323		
940	817729165	1	
941	7183625269	1	
943	6671475310		
944	6769326572		
945	8110747349	1	
946	5911374822		
947	6997869007		
948	7349139825		
949	6829337051	1	
951	6678730123	1	
953	7256493407	1	
954	1817708010	1	
956	7344078518		
957	6002929845	1	
958	6745438244		
959	7349313980		
960	6710068409		
961	7152403969	1	
962	7612442010	1	
963	7905194994		
964	5082204083		
965	6019996873	1	
966	7544299712	1	
967	6671656443	1	
968	6185659990		
969	6550146921		
970	6850872838	1	
971	2094233287	1	
972	533596414		
973	7189393373		
974	5522532017		
976	2109923442	1	
977	7277658269		
978	6291437702	1	
979	7237933226	1	
981	1451821112	1	
982	7749912742	1	
984	7280771652		
985	6721558988		
986	2089449239		
987	5579040263	1	
989	5260069994	1	
990	7941029174		
991	7426032138		
992	7414335432		
995	5329569747	1	
996	1298337193		
997	7891014284		
998	5039649674		
999	6537099293		
1000	6279669660	1	
1001	7717904665	1	
1004	6308456718	1	
1005	6785414899	1	
1006	5735009081		
1007	6374079052		
1009	7412038947	1	
1010	7834696242		
1011	6470221983	1	
1012	7877703510		
1013	5666147054	1	
1014	6192003003	1	
1015	7224168673		
1016	5017862536		
1018	7444928290		
1019	6381618652	1	
1020	7039910168		
1021	7381175766	1	
1024	5135206495		
1025	6972700440		
1026	6743463318		
1027	5688097770	1	
1028	7340398951	1	
1029	5938901169	1	
1030	5275479674		
1031	1603529793	1	
1032	6751682765		
1034	1344924763		
1035	1175454997		
1036	5876566759		
1037	6824537967		
1038	7744211681	1	
1040	5982210127	1	
1041	6298199950	1	
1042	6844596070	1	
1043	5079760547		
1044	7386472885		
1045	7198462091	1	
1046	6875814749		
1047	7159838041	1	
1048	6995233114	1	
1050	5953216867	1	
1051	7923612047	1	
1052	7282654716		
1053	7796546975	1	
1054	6723848217		
1055	6400107996	1	
1056	7289968853	1	
1057	7317591818	1	
1058	6830836638		
1059	5296968775	1	
1060	5956507172		
1061	5199088611	1	
1062	6664593324	1	
1063	5003658630		
1064	8163613826	1	
1065	6665561905	1	
1066	6458805342	1	
1067	5983208712	1	
1068	6175778890		
1069	6245765796	1	
1070	6139841830	1	
1071	6484243494		
1072	7033078034		
1073	5377760644		
1074	5263307766		
1075	6723719874	1	
1076	1657550080		
1077	6560704130	1	
1078	6751954374	1	
1079	6857693048	1	
1080	6857124888	1	
1081	1105018048		
1082	7833735103		
1083	6375683595	1	
1084	8021988498	1	
1085	5052656375		
1086	6436180118		
1087	5239266887		
1088	6626770320	1	
1089	5162129095		
1090	6661485840		
1091	7294859650	1	
1092	6371529341	1	
1093	6342189086	1	
1094	6413844216		
1095	6984599910	1	
1096	6460841986		
1097	6092438229	1	
1098	6039945755		
1100	7514405411		
1102	6778428190		
1103	5884952238		
1104	2133662742		
1105	7199423796		
1106	7984800115		
1109	1426542410	1	
1110	5199283850	1	
1112	5556838590	1	
1113	5372317633	1	
1114	7107663471	1	
1115	7553312720	1	
1118	7322104414		
1119	5034677037		
1120	6981040933	1	
1121	6281047257	1	
1122	6866489686	1	
1123	6150046506	1	
1124	8179598872		
1125	6299427283		
1127	7319855396	1	
1128	6531985027		
1130	6986036240	1	
1131	6115965968		
1132	6196324937	1	
1133	6310314216	1	
1136	7472645700	1	
1137	7253961779	1	
1138	5991882967	1	
1139	7007427342	1	
1141	2076058296	1	
1142	6069587267	1	
1143	5923210998	1	
1144	7055367700		
1145	7031933311		
1147	6395484835	1	
1148	7496139965		
1149	7499302731		
1150	2101006279		
1151	7945676393	1	
1154	7620596258	1	
1155	5839101352		
1157	7178622528		
1158	1631291543	1	
1159	6277183118		
1160	7019193718	1	
1162	5397638145	1	
1163	6464487705		
1164	6983484279	1	
1165	7286241419		
1166	6395205255		
1168	6374566808		
1169	6689605224		
1170	7324253643		
1172	6412283426		
1173	6238975139	1	
1174	7360641686	1	
1175	7142498200	1	
1176	6243890043	1	
1177	5707681103		
1178	5958517684	1	
1179	7511576718	1	
1180	8030840036	1	
1182	6534604419	1	
1183	7160194578	1	
1184	5686747388		
1186	6124140093		
1188	5136488195		
1189	6637996510		
1190	6059755956	1	
1191	2092114779	1	
1192	5723152313	1	
1194	5582754911		
1195	7582074184	1	
1196	7047641779	1	
1197	6334868388	1	
1198	1412243060		
1199	7545948130	1	
1200	7254772768	1	
1201	7378623966		
1202	5927990329	1	
1203	6391067485		
1204	7335215669	1	
1205	6855481972	1	
1206	6065081260	1	
1207	7771756512	1	
1208	5156667006		
1209	5856257940	1	
1210	7000586971		
1211	7208622821		
1212	6781650729	1	
1213	7974590576		
1214	6287692651	1	
1215	7193310775	1	
1216	7906590475	1	
1217	6313192424		
1218	6821426157	1	
1219	6581387297		
1221	6434210117	1	
1222	7640069534		
1223	7233868184		
1224	1985753302	1	
1225	5198019905	1	
1226	7129646205	1	
1227	6955285055	1	
1228	5253190987		
1229	5758506035		
1230	7862107604		
1231	1475348743	1	
1232	2063733172	1	
1233	7405095140		
1235	5822767262	1	
1236	6478818930	1	
1237	5188525444		
1238	1258901723		
1239	1728962748	1	
1240	7464859320	1	
1242	5465122302	1	
1244	1746593211		
1245	7241047344	1	
1246	7248164135	1	
1248	6091576532		
1249	1314760629	1	
1250	6527542924	1	
1251	6283195168	1	
1252	6898804142	1	
1253	5251300244		
1254	1196742430	1	
1257	5084661444	1	
1259	1277072997		
1260	2114609563	1	
1261	7939200816		
1262	5646852059	1	
1263	5830004866		
1265	7083550563		
1266	1965286329		
1267	5200703719	1	
1268	6835697419	1	
1269	7673495839	1	